#F# id	file_path	transparent_color_r	g	b
[TEXTURES]
0	textures\gimmick.png	0	0	255
10	textures\gimmick2.png	0	0	255
20	textures\enemy.png	57	189	255
30	textures\enemy2.png	57	189	255
40	textures\item.png	215	121	214


# id	left	top	right	bottom	texture_id
[SPRITES]

#==== gimmick=====
# idle right
10000	2	2	18	21	0
10001	22	2	38	21	0

#walk right
10002	2	24	18	43	0
10003	21	24	37	43	0
10004	39	24	55	43	0
10005	58	24	74	43	0
10006	79	24	95	43	0
10007	99	24	115	43	0

#Jump right
10008	2	46	18	70	0
10009	22	50	36	66	0

#colision right
10010	2	81	18	97	0
10011	24	78	40	94	0
10012	45	81	61	97	0
10013	65	76	87	97	0
10014	96	73	115	97	0
10015	123	78	140	97	0
10016	171	77	190	97	0

#idle left
10017	399	2	415	21	10
10018	379	2	395	21	10

#walk left
10019	399	24	415	43	10
10020	380	24	396	43	10
10021	362	24	387	43	10
10022	322	24	338	43	10
10023	302	24	312	43	10

#Jump left
10024	399	46	415	70	10
10025	381	50	395	66	10

#colision left
10026	399	81	415	97	10
10027	377	78	393	97	10
10028	356	81	372	97	10
10029	330	76	22	21	10
10030	277	78	294	97	10
10031	250	73	268	97	10
10032	210	75	217	97	10

#=====star====
#small star
20000	8	141	16	149	0
20001	20	141	28	149	0

#big star
20002	33	138	53	159	0
20003	55	138	75	159	0
20004	124	137	144	159	0

#bubble start
20005	340	142	356	157	0

#=======black eneny

#==normal
#walk right
30000	2	1	18	17	20
30001	20	2	36	17	20
30002	38	1	54	17	20
#walk left
30003	678	1	694	17	30
30004	660	2	676	17	30
30005	642	1	658	17	30

#fly right
30006	2	19	18	36	20
30007	20	19	36	36	20
30008	38	19	54	36	20
30009	56	19	72	36	20
30010	74	19	90	36	20

#fly left
30011	678	19	694	36	30
30012	660	19	676	36	30
30013	642	19	658	36	30
30014	624	19	640	36	30
30015	606	19	622	36	30


#brick
40000	120	52	136	68	40

# ani_id	sprite1_id	time1	sprite2_id	time2	...
[ANIMATIONS]

#Gimmick
#idle right
100	10000	2500	10001	200	10000	200	10001	200
#idle left
101	10017	2500	10018	200	10017	200	10018	200
#walk right
102	10002	100	10003	100	10004	100	10005	100	10006	100	10007	100
#walk left
103	10019	100	10020	100	10021	100	10022	100	10023	100
#jump right
104	10008	100	10009	100
#Jump left
105	10024	100	10025	100
#colision right
106	10010	100	10011	100	10012	100	10013	100	10014	100	10015	100	10016	100
#colision left
107	10026	100	10027	100	10028	100	10029	100	10030	100	10031	100	10032	100

#======back-enemy
#walk right
300	30000	100	300001	100	300002	100
#walk left
301	30003	100	300004	100	300005	100
#fly 	right
302	30006	100	30007	100	30008	100	30009	100	30010	100
#fly left
303	30011	100	30012	100	30013	100	30014	100	30015	100

#brick
400	40000	100




[ANIMATION_SETS]
# GimMick
#idle (l,r), walk (l,r), jump (l,r), colision (l,r)
1	100	101	102	103	104	105	106	107

#black enemy
3	300	301	302	303

#brick
4	400


[OBJECTS]
# type	x	y	ani_set_id	extra_settings per object type
# Gimmick

1	0	0	1
4	-22	60	4
4	-6	60	4
4	10	60	4
4	26	60	4
4	42	60	4
4	58	60	4